.Random.seed <-
c(403L, 10L, 1261649282L, 1147700061L, 1714294359L, -737030850L, 
-1199571592L, 1379036763L, -1095251527L, 1458846728L, -212187466L, 
255301105L, 958884899L, -646601614L, -131991868L, -1222406009L, 
1736914013L, -1030325676L, 699838586L, -2006543419L, 322241823L, 
-1376910170L, -523463120L, -852144941L, 819061489L, 1030369824L, 
-804817730L, 2107949257L, 1087652475L, -914880438L, -808175444L, 
2109054895L, 600787813L, 1200218396L, 1654049138L, 1838111213L, 
732196391L, 1386004046L, 979477160L, -1568644949L, -538629687L, 
-1171528232L, -384936826L, -1310262943L, -1597055757L, -407002270L, 
-862900780L, 1915775191L, -1296139571L, -1747547548L, 979943498L, 
1406870965L, -907409137L, 1232909846L, -322400064L, -1969289597L, 
1641095841L, 1102292112L, 180334446L, 647112985L, 1839032747L, 
-639490150L, 821606236L, -7936417L, -614533579L, -458738228L, 
-1578265310L, -747143299L, 79598711L, 65235358L, -759775144L, 
-1290216005L, 350081881L, 677568744L, -1122082538L, -1005043055L, 
-750227645L, -554431918L, -1129579292L, 457729831L, -2145713283L, 
-539740556L, -974002086L, 1590251685L, -481750337L, 1600538950L, 
-16834608L, 161962483L, 1623799057L, 1557000512L, 2053398814L, 
-598829591L, -2090707173L, 386556202L, 320977484L, 1455629839L, 
-1079047867L, -377220356L, -1342994094L, -2022465843L, -1833765241L, 
-72441490L, -628901048L, -1330282677L, -1239923031L, 180247544L, 
-530144474L, 160252993L, -70597165L, 182937474L, 1566845876L, 
-1595956425L, 1619042861L, -1868954812L, -1083955094L, 11277013L, 
2145315951L, -1212078730L, -1247818080L, -687781021L, -1331601407L, 
-363058320L, 1611334414L, 522534265L, 507861259L, 912362042L, 
760881468L, -1054167425L, 2079061461L, 1496935404L, 1271172418L, 
-1592298851L, -1590681833L, -1362952578L, -1988002248L, -13924069L, 
-694587783L, -309843256L, 1050434294L, 633819953L, -843742365L, 
936892722L, 1532193412L, -284326201L, 103828893L, 660277524L, 
-1080612934L, -956263931L, 1513407455L, 208665190L, 560559600L, 
655176467L, 1468390577L, 1603592032L, 535166206L, -1238475639L, 
875944891L, 1328526730L, 911758444L, 1520856559L, 611411493L, 
-420535588L, 2125002930L, -1199129683L, 2012970855L, 171453582L, 
394897768L, -1766975125L, -1279100151L, 1430031768L, 1093541062L, 
1648264737L, -774560077L, 397151266L, -1762650604L, 847088279L, 
-2037193587L, -714217052L, -1247423606L, 936640501L, 1035710031L, 
1285101910L, 712238080L, -1924600509L, -1020264223L, 151673424L, 
-1593932114L, 1704079961L, 1624005227L, -1728065574L, 720400540L, 
863789727L, -1474785035L, 1152809356L, 1157362786L, 1770140733L, 
-36243785L, 383423838L, 174734488L, 1281017851L, -1301697127L, 
502869544L, 657929942L, 180601681L, -553286141L, 346376594L, 
861255460L, -1069647385L, -618981827L, -1875222348L, -1681189094L, 
-1184490395L, -2079156993L, 1877587334L, -583423216L, -686215245L, 
-1868811183L, 1163466752L, 1171335390L, 1544569641L, 1217257179L, 
975252970L, -227732084L, 1306053327L, -679061883L, 970044732L, 
-845842414L, 749106957L, -308300729L, 1819612140L, -325257324L, 
1197122770L, 1820536928L, -193013428L, -2066841824L, -1442282878L, 
-1866419736L, -1128102932L, -1836401092L, 544797298L, 1251080048L, 
-1828470492L, 1362509368L, 1153142170L, 1565005264L, 728936892L, 
2109495956L, 1567823490L, 1683954112L, -1594843332L, 296298128L, 
288908066L, -519754232L, -1799166196L, -893042788L, 306018322L, 
1733600128L, -678723820L, -971642584L, 979277882L, -362788912L, 
2129125996L, -2073435084L, 2046045330L, -875981472L, 498270540L, 
40567264L, -515704926L, 838918056L, -79811444L, 370994108L, -62488462L, 
1557181424L, -666640316L, -2047462312L, -658659270L, 660815984L, 
1017899580L, -147494124L, -2104574270L, -457335072L, -1231362948L, 
1797697744L, 141738914L, -753909208L, 725703948L, -498889796L, 
312732978L, 1452172480L, 1916993076L, 146884296L, -231551302L, 
1589053584L, -127735060L, 1263206996L, 1997170322L, -1848968416L, 
-400671796L, 599495904L, 658168514L, -462372824L, -1297554516L, 
26530492L, -14328334L, 1447636528L, -954677340L, -1584896584L, 
-1960868006L, 1470515344L, -805682308L, -907076844L, -1701093054L, 
-1224129792L, -237197380L, -1194605744L, 2014571810L, -643172792L, 
978896908L, 729639004L, -1766346286L, -238431744L, 2073729364L, 
-831470360L, -943112966L, 551427792L, -314661588L, 1215703284L, 
-1977856622L, 1009185120L, -1007448052L, 1442109152L, -531592606L, 
-993286488L, -642759092L, -257694852L, -1101994702L, -1558768016L, 
122399556L, 1532060632L, 1225420666L, 1417177648L, -995251268L, 
-968699308L, 272999490L, 1694072992L, -1694229828L, 1587789264L, 
-1258616990L, 139676392L, 1545712844L, -681472516L, 1753102834L, 
-48531840L, 848819700L, 407605896L, 1193295674L, -748716208L, 
429046892L, 950891924L, -75922350L, 315791840L, -963294004L, 
1788086432L, -1157609086L, 103241960L, 648149740L, -698653380L, 
-1490115470L, -929805200L, 1004598308L, 461443128L, 148038426L, 
-491117360L, -557870276L, 222396308L, 1392506754L, -2049315392L, 
533705276L, -1787111024L, 829116962L, -1639658232L, 395371148L, 
971097884L, 1909401746L, -1387148928L, 84281876L, -2005179608L, 
916037178L, 1319162320L, 654210412L, 300936116L, 543878162L, 
-994731552L, 185121740L, 1012197600L, -731488222L, -1564357336L, 
163098124L, -2118296772L, -1305910286L, -1418952976L, -480542140L, 
-297210280L, -1395997894L, 1177960944L, -1594822980L, -2008511212L, 
450205378L, -247539616L, 1363375996L, 1688157136L, -497857246L, 
-986069336L, -851879028L, -1863168836L, 275564338L, 1946417728L, 
1311289524L, -384878008L, -1794036294L, -2130292208L, 1040299756L, 
-1025768108L, -935045870L, -1280095840L, 1925773004L, -1113309600L, 
-1436808254L, -2043524312L, 1505307564L, -1089618116L, -1622344334L, 
-1138725072L, 1188484388L, 1897509688L, -1976815910L, 1496423312L, 
-1833956612L, 1450128276L, -1216167870L, -2055245568L, -887317444L, 
416806224L, -1441230686L, -505756344L, 1327487756L, -1728832804L, 
792035666L, -1473320832L, -641340332L, -804752408L, -184791814L, 
-699945136L, -1141360852L, -2073928332L, -1295548526L, -583554654L, 
-1124487792L, -1091740359L, 362478059L, 1058740956L, -2029936886L, 
1325568511L, -2066843575L, 2088735198L, -533874292L, -1415228067L, 
1952060775L, 1339901584L, 368076974L, -427964069L, 1182113085L, 
-883052630L, 1254942792L, -1790197647L, 2067893731L, 886917348L, 
94323730L, -583028761L, -1010100303L, 469879286L, -117740L, -1605113051L, 
1943186479L, 1129758184L, -1697752378L, -1688861837L, -1349497899L, 
-1707756622L, -2099436160L, -290071191L, -1579871781L, -1258981076L, 
980220730L, 951105007L, 198766713L, 510294798L, 597585628L, 451190093L, 
1219662007L, 820808256L, -1584082146L, 1367529963L, 904041837L, 
-1690010662L, -875926120L, 161436673L, -2059369037L, 1123503316L, 
1066179042L, -923339657L, -864130623L, -1659563194L, -2034663804L, 
-620140491L, 1391982623L, -1267548296L, 514864726L, 118967011L, 
1054043301L, 1288025410L, 1060504368L, -862787751L, -524079925L, 
768957756L, 1935276394L, -1940270177L, -1237225943L, 1849635006L, 
1024788908L, 16897789L, 1326240327L, 423903536L, -1158370738L, 
2070884987L, 80703965L, 1250572298L, -212653784L, 183408529L, 
-857376381L, 494048900L, -736262990L, -264547321L, -124927919L, 
-175640618L, 2133450420L, 62340805L, -1133965297L, -147390328L, 
-1356185178L, 1296972115L, 1260374709L, 39002130L, 551301600L, 
528802889L, 1166750331L, 1557379916L, 268431066L, 474530511L, 
-2022907239L, 790752942L, -1934431300L, 411931693L, -640386089L, 
-151760352L, 1745974142L, -876012213L, 159899469L, 1792914810L, 
-53024840L, -1407894175L, 1867411731L, 692652340L, 1304757058L, 
1383445335L, 959386273L, -864132250L, -2049581724L, -1033713515L, 
-1923348033L, -496411304L, 159998838L, -817159805L, -129293371L, 
-1542670110L, 1350925648L, 456510585L, 1191632811L, 1464132892L, 
1606046282L, 699291199L, 2095295113L, -1110487394L, -926454964L, 
338717L, -2068694361L, -2025500208L, 291092846L, -2001427429L, 
-1695847043L, 1144384362L, 825388552L, -632208719L, -738874077L, 
